1 1149
2 1114
3 1090
4 1091
5 1032
6 1101
7 1098
8 1043
9 1097
10 1119
11 1073
12 1127
13 1021
14 1074
15 1114
16 1096
17 1046
18 1032
19 1016
20 1027
21 1093
22 1019
23 1061
24 1108
25 1080
26 1030
27 1124
28 1058
29 1065
30 1004
31 1083
32 1105
33 1104
34 991
35 1032
36 1100
37 1097
38 1032
39 992
40 1106
41 1097
42 1038
43 1024
44 1042
45 982
46 1054
47 1025
48 1052
49 1072
50 1024
51 1127
52 1076
53 1042
54 1030
55 984
56 976
57 1069
58 1018
59 1036
60 1123
61 1033
62 1059
63 1064
64 1014
65 1025
66 880
67 1011
68 976
69 983
70 1071
71 1087
72 1041
73 1026
74 983
75 1053
76 985
77 1048
78 1028
79 982
80 942
81 1032
82 1006
83 971
84 1081
85 936
86 997
87 1056
88 1059
89 954
90 976
91 1057
92 975
93 955
94 945
95 967
96 1082
97 909
98 979
99 1017
100 984
101 1062
102 1014
103 1048
104 985
105 931
106 974
107 1011
108 1039
109 950
110 1018
111 965
112 1018
113 1040
114 962
115 1004
116 1027
117 1036
118 954
119 954
120 970
121 1023
122 968
123 975
124 995
125 976
126 954
127 980
128 966
129 941
130 1073
131 967
132 976
133 958
134 967
135 967
136 960
137 1043
138 1037
139 954
140 954
141 1003
142 1018
143 891
144 1006
145 967
146 983
147 954
148 967
149 967
150 1014
151 929
152 953
153 922
154 983
155 1065
156 992
157 1006
158 959
159 976
160 1014
161 998
162 967
163 937
164 884
165 1012
166 1020
167 888
168 1020
169 884
170 967
171 928
172 967
173 976
174 846
175 994
176 1020
177 979
178 1036
179 846
180 929
181 962
182 939
183 924
184 904
185 925
186 934
187 1019
188 1015
189 1035
190 919
191 904
192 929
193 880
194 846
195 939
196 828
197 897
198 870
199 931
200 933
201 846
202 930
203 925
204 845
205 950
206 845
207 833
208 906
209 909
210 906
211 982
212 828
213 931
214 955
215 845
216 899
217 846
218 906
219 843
220 931
221 912
222 846
223 931
224 911
225 881
226 846
227 914
228 828
229 901
230 880
231 881
232 909
233 881
234 936
235 881
236 900
237 828
238 881
239 888
240 879
241 828
242 881
243 881
244 1016
245 926
246 851
247 828
248 882
249 857
250 831
251 841
252 929
253 943
254 906
255 931
256 901
257 931
258 931
259 931
260 819
261 919
262 851
263 828
264 899
265 899
266 900
267 1010
268 955
269 931
270 899
271 914
272 943
273 957
274 901
275 937
276 904
277 907
278 832
279 927
280 904
281 947
282 838
283 939
284 887
285 914
286 899
287 914
288 940
289 888
290 1012
291 888
292 914
293 841
294 904
295 969
296 888
297 904
298 947
299 828
300 936
301 947
302 947
303 936
304 1003
305 889
306 947
307 918
308 918
309 970
310 1020
311 947
312 947
313 939
314 862
315 912
316 909
317 957
318 933
319 926
320 914
321 939
322 929
323 995
324 819
325 928
326 937
327 899
328 918
329 906
330 818
331 904
332 939
333 937
334 828
335 935
336 957
337 935
338 1013
339 940
340 935
341 940
342 904
343 906
344 1044
345 973
346 951
347 936
348 904
349 937
350 847
351 1023
352 911
353 918
354 918
355 918
356 826
357 922
358 831
359 926
360 937
361 1013
362 988
363 816
364 832
365 935
366 852
367 918
368 854
369 957
370 930
371 937
372 865
373 916
374 928
375 890
376 976
377 853
378 842
379 937
380 933
381 946
382 916
383 1039
384 948
385 815
386 937
387 896
388 815
389 923
390 836
391 934
392 946
393 885
394 885
395 836
396 815
397 923
398 864
399 923
400 934
401 815
402 815
403 934
404 885
405 963
406 815
407 934
408 815
409 932
410 883
411 932
412 934
413 942
414 885
415 832
416 943
417 815
418 815
419 815
420 934
421 885
422 815
423 813
424 883
425 815
426 881
427 832
428 934
429 815
430 934
431 815
432 934
433 815
434 934
435 946
436 885
437 934
438 926
439 818
440 932
441 930
442 946
443 815
444 864
445 934
446 946
447 931
448 1030
449 815
450 923
451 932
452 949
453 937
454 818
455 815
456 818
457 946
458 937
459 929
460 985
461 932
462 815
463 946
464 818
465 986
466 942
467 815
468 937
469 813
470 815
471 873
472 881
473 940
474 926
475 818
476 989
477 916
478 972
479 818
480 881
481 937
482 815
483 813
484 918
485 813
486 916
487 963
488 946
489 818
490 954
491 984
492 941
493 937
494 1014
495 949
496 937
497 832
498 920
499 929
500 916
501 916
502 949
503 949
504 925
505 939
506 818
507 918
508 832
509 949
510 832
511 1024
512 949
513 946
514 989
515 813
516 916
517 946
518 930
519 951
520 989
521 916
522 930
523 946
524 818
525 929
526 929
527 918
528 832
529 832
530 946
531 932
532 926
533 989
534 961
535 949
536 930
537 916
538 941
539 926
540 813
541 932
542 813
543 946
544 923
545 818
546 811
547 946
548 949
549 867
550 934
551 930
552 931
553 896
554 832
555 925
556 1012
557 813
558 934
559 811
560 903
561 832
562 1021
563 937
564 1041
565 818
566 916
567 934
568 932
569 949
570 815
571 932
572 923
573 882
574 932
575 937
576 949
577 811
578 815
579 1021
580 935
581 916
582 916
583 916
584 986
585 934
586 813
587 946
588 920
589 832
590 832
591 932
592 916
593 923
594 960
595 922
596 934
597 923
598 916
599 813
600 946
601 946
602 929
603 941
604 937
605 946
606 946
607 949
608 832
609 934
610 813
611 822
612 934
613 932
614 815
615 815
616 926
617 815
618 946
619 815
620 916
621 813
622 885
623 885
624 930
625 946
626 878
627 885
628 1035
629 934
630 937
631 963
632 943
633 832
634 918
635 832
636 930
637 946
638 963
639 949
640 917
641 811
642 1032
643 891
644 923
645 811
646 832
647 922
648 1031
649 818
650 896
651 824
652 832
653 934
654 932
655 830
656 946
657 916
658 934
659 813
660 1024
661 934
662 811
663 811
664 843
665 811
666 955
667 818
668 935
669 815
670 916
671 885
672 934
673 955
674 916
675 869
676 946
677 881
678 811
679 815
680 916
681 811
682 916
683 822
684 815
685 813
686 916
687 934
688 934
689 963
690 934
691 972
692 949
693 860
694 818
695 883
696 923
697 916
698 932
699 811
700 916
701 830
702 885
703 832
704 818
705 916
706 893
707 830
708 916
709 926
710 934
711 811
712 1047
713 811
714 896
715 920
716 832
717 955
718 893
719 946
720 813
721 815
722 813
723 822
724 816
725 918
726 832
727 934
728 893
729 930
730 916
731 832
732 832
733 869
734 815
735 939
736 930
737 923
738 934
739 832
740 818
741 811
742 811
743 951
744 832
745 968
746 934
747 885
748 923
749 815
750 949
751 830
752 1021
753 885
754 958
755 946
756 965
757 813
758 816
759 955
760 920
761 934
762 811
763 815
764 885
765 935
766 916
767 963
768 934
769 832
770 930
771 916
772 818
773 916
774 813
775 811
776 923
777 811
778 946
779 955
780 946
781 904
782 946
783 916
784 832
785 932
786 961
787 930
788 815
789 818
790 935
791 899
792 934
793 935
794 815
795 946
796 896
797 815
798 937
799 946
800 946
801 946
802 907
803 934
804 920
805 932
806 941
807 926
808 916
809 815
810 907
811 813
812 997
813 881
814 930
815 818
816 986
817 813
818 934
819 832
820 860
821 949
822 899
823 946
824 916
825 881
826 952
827 932
828 957
829 818
830 995
831 816
832 816
833 896
834 939
835 916
836 916
837 921
838 820
839 920
840 916
841 1024
842 920
843 930
844 818
845 918
846 936
847 918
848 885
849 907
850 811
851 811
852 818
853 832
854 811
855 934
856 816
857 972
858 811
859 811
860 818
861 841
862 920
863 811
864 989
865 949
866 1035
867 917
868 916
869 816
870 920
871 918
872 891
873 893
874 930
875 916
876 917
877 811
878 963
879 881
880 972
881 1003
882 926
883 937
884 920
885 896
886 972
887 830
888 881
889 896
890 826
891 830
892 937
893 932
894 1035
895 1027
896 893
897 1006
898 893
899 811
900 815
901 881
902 932
903 972
904 920
905 1014
906 916
907 881
908 818
909 920
910 1014
911 883
912 920
913 989
914 832
915 972
916 920
917 1012
918 860
919 1006
920 860
921 934
922 816
923 818
924 916
925 916
926 930
927 946
928 934
929 893
930 881
931 916
932 811
933 965
934 968
935 972
936 904
937 920
938 881
939 949
940 930
941 972
942 843
943 934
944 893
945 965
946 881
947 815
948 1006
949 949
950 946
951 916
952 1030
953 934
954 955
955 916
956 939
957 811
958 920
959 813
960 946
961 934
962 939
963 811
964 885
965 942
966 916
967 813
968 916
969 811
970 813
971 916
972 972
973 815
974 930
975 811
976 1031
977 813
978 986
979 916
980 916
981 904
982 864
983 934
984 873
985 934
986 934
987 939
988 916
989 935
990 813
991 818
992 916
993 946
994 885
995 916
996 832
997 815
998 918
999 818
1000 822
1001 1035
1002 937
1003 930
1004 930
1005 937
1006 1007
1007 1012
1008 930
1009 972
1010 811
1011 1012
1012 937
1013 916
1014 930
1015 916
1016 832
1017 949
1018 916
1019 1035
1020 818
1021 813
1022 934
1023 916
1024 893
1025 811
1026 937
1027 920
1028 813
1029 916
1030 841
1031 937
1032 832
1033 920
1034 818
1035 832
1036 955
1037 930
1038 949
1039 815
1040 811
1041 946
1042 916
1043 916
1044 946
1045 942
1046 946
1047 864
1048 811
1049 1047
1050 932
1051 885
1052 830
1053 937
1054 937
1055 885
1056 963
1057 946
1058 946
1059 934
1060 930
1061 946
1062 946
1063 934
1064 818
1065 937
1066 946
1067 815
1068 866
1069 852
1070 1003
1071 927
1072 916
1073 916
1074 916
1075 955
1076 932
1077 816
1078 946
1079 939
1080 932
1081 916
1082 885
1083 946
1084 815
1085 896
1086 943
1087 946
1088 949
1089 935
1090 881
1091 815
1092 949
1093 813
1094 830
1095 916
1096 815
1097 920
1098 946
1099 881
1100 934
1101 900
1102 916
1103 943
1104 877
1105 885
1106 963
1107 946
1108 998
1109 813
1110 816
1111 1035
1112 920
1113 815
1114 920
1115 963
1116 885
1117 832
1118 811
1119 930
1120 916
1121 813
1122 962
1123 885
1124 832
1125 818
1126 946
1127 916
1128 934
1129 955
1130 946
1131 885
1132 811
1133 932
1134 972
1135 815
1136 815
1137 815
1138 916
1139 946
1140 955
1141 917
1142 932
1143 932
1144 885
1145 934
1146 934
1147 890
1148 815
1149 811
1150 920
1151 915
1152 896
1153 943
1154 818
1155 885
1156 934
1157 946
1158 996
1159 946
1160 955
1161 965
1162 934
1163 813
1164 946
1165 932
1166 1039
1167 930
1168 946
1169 920
1170 955
1171 932
1172 943
1173 916
1174 942
1175 832
1176 815
1177 946
1178 946
1179 946
1180 930
1181 955
1182 811
1183 934
1184 832
1185 813
1186 935
1187 935
1188 815
1189 937
1190 885
1191 866
1192 932
1193 916
1194 942
1195 866
1196 916
1197 946
1198 934
1199 816
1200 815
1201 934
1202 815
1203 916
1204 934
1205 811
1206 818
1207 832
1208 946
1209 923
1210 815
1211 916
1212 934
1213 815
1214 946
1215 832
1216 815
1217 816
1218 841
1219 916
1220 946
1221 916
1222 940
1223 811
1224 818
1225 963
1226 955
1227 832
1228 933
1229 946
1230 916
1231 946
1232 818
1233 946
1234 916
1235 815
1236 935
1237 946
1238 815
1239 813
1240 946
1241 885
1242 930
1243 932
1244 916
1245 815
1246 920
1247 864
1248 916
1249 934
1250 885
1251 815
1252 934
1253 932
1254 815
1255 818
1256 815
1257 813
1258 946
1259 933
1260 916
1261 811
1262 815
1263 930
1264 832
1265 815
1266 916
1267 946
1268 832
1269 815
1270 818
1271 885
1272 934
1273 885
1274 885
1275 811
1276 815
1277 946
1278 813
1279 916
1280 883
1281 941
1282 864
1283 916
1284 946
1285 893
1286 816
1287 811
1288 946
1289 811
1290 916
1291 949
1292 811
1293 916
1294 815
1295 815
1296 830
1297 832
1298 815
1299 881
1300 943
1301 937
1302 830
1303 941
1304 866
1305 930
1306 832
1307 864
1308 935
1309 943
1310 946
1311 946
1312 949
1313 811
1314 885
1315 932
1316 864
1317 937
1318 949
1319 818
1320 937
1321 879
1322 930
1323 811
1324 934
1325 934
1326 899
1327 832
1328 949
1329 811
1330 930
1331 934
1332 949
1333 949
1334 946
1335 934
1336 811
1337 883
1338 830
1339 885
1340 904
1341 934
1342 926
1343 813
1344 815
1345 832
1346 885
1347 815
1348 811
1349 830
1350 951
1351 864
1352 934
1353 873
1354 930
1355 916
1356 946
1357 811
1358 975
1359 955
1360 872
1361 920
1362 934
1363 832
1364 824
1365 920
1366 972
1367 939
1368 881
1369 885
1370 885
1371 885
1372 818
1373 811
1374 818
1375 921
1376 943
1377 943
1378 811
1379 935
1380 932
1381 830
1382 930
1383 932
1384 932
1385 934
1386 815
1387 916
1388 811
1389 934
1390 934
1391 815
1392 816
1393 972
1394 813
1395 934
1396 885
1397 934
1398 934
1399 934
1400 815
1401 916
1402 811
1403 1021
1404 972
1405 916
1406 935
1407 934
1408 830
1409 885
1410 920
1411 1035
1412 916
1413 1011
1414 885
1415 920
1416 815
1417 916
1418 916
1419 818
1420 885
1421 916
1422 916
1423 934
1424 896
1425 920
1426 811
1427 943
1428 920
1429 896
1430 815
1431 946
1432 920
1433 920
1434 916
1435 916
1436 939
1437 815
1438 962
1439 918
1440 937
1441 963
1442 937
1443 893
1444 811
1445 932
1446 920
1447 813
1448 934
1449 811
1450 916
1451 997
1452 818
1453 918
1454 813
1455 932
1456 832
1457 916
1458 816
1459 934
1460 920
1461 896
1462 997
1463 972
1464 1003
1465 1014
1466 963
1467 916
1468 873
1469 830
1470 934
1471 832
1472 813
1473 936
1474 951
1475 818
1476 811
1477 813
1478 934
1479 1021
1480 852
1481 963
1482 942
1483 972
1484 930
1485 930
1486 916
1487 934
1488 930
1489 1003
1490 1039
1491 920
1492 934
1493 972
1494 984
1495 822
1496 937
1497 1015
1498 885
1499 877
1500 916
1501 1007
1502 930
1503 1017
1504 1035
1505 1035
1506 930
1507 896
1508 1035
1509 1033
1510 952
1511 920
1512 920
1513 930
1514 930
1515 999
1516 920
1517 881
1518 811
1519 811
1520 832
1521 917
1522 1027
1523 866
1524 972
1525 893
1526 963
1527 830
1528 830
1529 916
1530 822
1531 937
1532 934
1533 932
1534 917
1535 946
1536 896
1537 930
1538 1036
1539 935
1540 946
1541 954
1542 930
1543 818
1544 916
1545 949
1546 830
1547 938
1548 930
1549 949
1550 1024
1551 1035
1552 1030
1553 963
1554 949
1555 930
1556 946
1557 916
1558 974
1559 918
1560 811
1561 935
1562 916
1563 975
1564 885
1565 818
1566 1035
1567 916
1568 918
1569 972
1570 920
1571 935
1572 1014
1573 963
1574 920
1575 947
1576 1021
1577 811
1578 811
1579 881
1580 916
1581 831
1582 964
1583 930
1584 885
1585 916
1586 934
1587 811
1588 980
1589 964
1590 811
1591 916
1592 1027
1593 916
1594 1047
1595 1049
1596 920
1597 944
1598 972
1599 843
1600 1046
1601 942
1602 948
1603 1003
1604 815
1605 918
1606 971
1607 816
1608 1011
1609 938
1610 917
1611 943
1612 973
1613 990
1614 1031
1615 982
1616 869
1617 826
1618 816
1619 955
1620 969
1621 972
1622 919
1623 916
1624 919
1625 926
1626 946
1627 975
1628 881
1629 963
1630 946
1631 811
1632 922
1633 832
1634 871
1635 946
1636 965
1637 965
1638 871
1639 864
1640 885
1641 871
1642 832
1643 916
1644 811
1645 963
1646 946
1647 946
1648 830
1649 926
1650 920
1651 868
1652 831
1653 946
1654 871
1655 866
1656 922
1657 968
1658 946
1659 946
1660 885
1661 864
1662 933
1663 864
1664 916
1665 864
1666 943
1667 819
1668 885
1669 949
1670 816
1671 818
1672 815
1673 916
1674 953
1675 885
1676 916
1677 916
1678 1009
1679 885
1680 815
1681 920
1682 864
1683 815
1684 885
1685 936
1686 866
1687 866
1688 811
1689 866
1690 868
1691 811
1692 868
1693 866
1694 890
1695 869
1696 918
1697 864
1698 946
1699 949
1700 813
1701 955
1702 916
1703 871
1704 919
1705 943
1706 830
1707 896
1708 813
1709 869
1710 832
1711 815
1712 891
1713 864
1714 946
1715 949
1716 813
1717 946
1718 916
1719 864
1720 950
1721 883
1722 864
1723 816
1724 816
1725 931
1726 949
1727 871
1728 864
1729 926
1730 813
1731 885
1732 864
1733 918
1734 811
1735 939
1736 986
1737 969
1738 931
1739 885
1740 1029
1741 868
1742 971
1743 860
1744 1027
1745 923
1746 813
1747 949
1748 943
1749 811
1750 1003
1751 933
1752 893
1753 966
1754 873
1755 920
1756 1002
1757 891
1758 815
1759 893
1760 830
1761 946
1762 832
1763 896
1764 832
1765 955
1766 952
1767 815
1768 963
1769 830
1770 916
1771 881
1772 920
1773 946
1774 946
1775 885
1776 813
1777 843
1778 815
1779 935
1780 916
1781 835
1782 949
1783 931
1784 818
1785 920
1786 815
1787 949
1788 930
1789 946
1790 815
1791 843
1792 955
1793 946
1794 946
1795 971
1796 916
1797 881
1798 920
1799 811
1800 860
1801 916
1802 811
1803 884
1804 813
1805 818
1806 822
1807 918
1808 841
1809 815
1810 969
1811 871
1812 985
1813 891
1814 943
1815 811
1816 881
1817 864
1818 969
1819 916
1820 866
1821 969
1822 969
1823 864
1824 881
1825 926
1826 881
1827 922
1828 864
1829 811
1830 973
1831 929
1832 815
1833 998
1834 916
1835 885
1836 969
1837 939
1838 883
1839 869
1840 955
1841 864
1842 864
1843 955
1844 920
1845 943
1846 920
1847 918
1848 920
1849 811
1850 885
1851 949
1852 943
1853 918
1854 881
1855 862
1856 864
1857 916
1858 818
1859 815
1860 818
1861 893
1862 835
1863 883
1864 881
1865 811
1866 932
1867 946
1868 946
1869 936
1870 916
1871 818
1872 811
1873 881
1874 991
1875 1031
1876 946
1877 955
1878 934
1879 972
1880 818
1881 832
1882 832
1883 885
1884 815
1885 930
1886 815
1887 937
1888 934
1889 881
1890 932
1891 941
1892 1034
1893 949
1894 943
1895 943
1896 832
1897 815
1898 816
1899 916
1900 815
1901 946
1902 813
1903 916
1904 949
1905 811
1906 949
1907 811
1908 916
1909 1009
1910 869
1911 949
1912 916
1913 936
1914 949
1915 819
1916 944
1917 818
1918 937
1919 885
1920 816
1921 1001
1922 896
1923 937
1924 885
1925 816
1926 862
1927 885
1928 940
1929 811
1930 933
1931 937
1932 946
1933 815
1934 832
1935 916
1936 1024
1937 930
1938 946
1939 811
1940 949
1941 946
1942 946
1943 930
1944 949
1945 943
1946 940
1947 815
1948 938
1949 885
1950 896
1951 932
1952 1012
1953 918
1954 934
1955 943
1956 983
1957 930
1958 937
1959 1011
1960 818
1961 916
1962 916
1963 937
1964 818
1965 946
1966 883
1967 918
1968 885
1969 920
1970 843
1971 813
1972 813
1973 860
1974 869
1975 1035
1976 916
1977 1035
1978 918
1979 949
1980 916
1981 943
1982 1044
1983 818
1984 934
1985 832
1986 939
1987 949
1988 916
1989 928
1990 1014
1991 885
1992 818
1993 916
1994 933
1995 811
1996 918
1997 883
1998 930
1999 930
2000 935
2001 930
2002 943
2003 811
2004 815
2005 934
2006 920
2007 918
2008 939
2009 1032
2010 811
2011 948
2012 930
2013 1035
2014 811
2015 1006
2016 946
2017 881
2018 1007
2019 929
2020 946
2021 930
2022 811
2023 946
2024 873
2025 934
2026 939
2027 982
2028 885
2029 1043
2030 896
2031 946
2032 885
2033 946
2034 974
2035 832
2036 947
2037 988
2038 989
2039 836
2040 1026
2041 937
2042 1035
2043 939
2044 972
2045 971
2046 1009
2047 937
2048 818
2049 932
2050 989
2051 920
2052 971
2053 949
2054 1014
2055 935
2056 949
2057 1026
2058 885
2059 893
2060 928
2061 817
2062 823
2063 896
2064 986
2065 937
2066 1031
2067 815
2068 949
2069 1004
2070 811
2071 818
2072 920
2073 939
2074 843
2075 991
2076 937
2077 885
2078 834
2079 918
2080 881
2081 832
2082 930
2083 916
2084 935
2085 992
2086 986
2087 916
2088 883
2089 946
2090 949
2091 982
2092 885
2093 885
2094 918
2095 811
2096 937
2097 832
2098 842
2099 925
2100 971
2101 818
2102 931
2103 1036
2104 1011
2105 920
2106 938
2107 881
2108 883
2109 1031
2110 920
2111 932
2112 1047
2113 932
2114 949
2115 946
2116 956
2117 842
2118 937
2119 939
2120 949
2121 935
2122 1035
2123 934
2124 896
2125 912
2126 932
2127 955
2128 1030
2129 1022
2130 813
2131 885
2132 966
2133 815
2134 920
2135 813
2136 943
2137 847
2138 818
2139 920
2140 902
2141 844
2142 958
2143 930
2144 866
2145 920
2146 830
2147 932
2148 951
2149 813
2150 916
2151 818
2152 930
2153 943
2154 811
2155 916
2156 883
2157 935
2158 811
2159 946
2160 890
2161 924
2162 815
2163 1012
2164 864
2165 885
2166 934
2167 815
2168 813
2169 916
2170 960
2171 916
2172 930
2173 965
2174 918
2175 885
2176 926
